{
 "cells": [
  {
   "cell_type": "code",
   "execution_count": 6,
   "id": "06052944-fcf6-4a25-8fa7-d14b8ae07988",
   "metadata": {},
   "outputs": [
    {
     "name": "stdout",
     "output_type": "stream",
     "text": [
      "\n",
      "QR skaida: pradinė A\n",
      "--------------------\n",
      "          1           1           1           2\n",
      "          1          -1          -1           0\n",
      "          2           1          -1           2\n",
      "          3           1           2           1\n",
      "\n",
      "\n",
      "Atspindis: pradinė z\n",
      "--------------------\n",
      "          1           1           2           3\n",
      "\n",
      "\n",
      "Atspindis: z' (tikslo vektorius)\n",
      "--------------------------------\n",
      "    3.87298           0           0           0\n",
      "\n",
      "\n",
      "Atspindis: omega (normalė)\n",
      "--------------------------\n",
      "  -0.609016     0.21198    0.423961    0.635941\n",
      "\n",
      "\n",
      "Atspindis: Q = I - 2*omega*omega^T\n",
      "----------------------------------\n",
      "   0.258199    0.258199    0.516398    0.774597\n",
      "   0.258199    0.910129   -0.179743   -0.269614\n",
      "   0.516398   -0.179743    0.640515   -0.539228\n",
      "   0.774597   -0.269614   -0.539228    0.191158\n",
      "\n",
      "\n",
      "Atspindis: Q*z (pakeistas vektorius)\n",
      "------------------------------------\n",
      "    3.87298 5.55112e-17 1.66533e-16 -2.77556e-16\n",
      "\n",
      "\n",
      "QR: tarpinė A (->R) po žingsnio\n",
      "-------------------------------\n",
      "    3.87298     1.29099      1.0328     2.32379\n",
      "1.11022e-16    -1.10129    -1.01142   -0.112702\n",
      "2.22045e-16    0.797427    -1.02283      1.7746\n",
      "-3.33067e-16     0.69614     1.96575    0.661895\n",
      "\n",
      "\n",
      "QR: sukaupta Q po žingsnio\n",
      "--------------------------\n",
      "   0.258199    0.258199    0.516398    0.774597\n",
      "   0.258199    0.910129   -0.179743   -0.269614\n",
      "   0.516398   -0.179743    0.640515   -0.539228\n",
      "   0.774597   -0.269614   -0.539228    0.191158\n",
      "\n",
      "\n",
      "Atspindis: pradinė z\n",
      "--------------------\n",
      "   -1.10129    0.797427     0.69614\n",
      "\n",
      "\n",
      "Atspindis: z' (tikslo vektorius)\n",
      "--------------------------------\n",
      "   -1.52753           0           0\n",
      "\n",
      "\n",
      "Atspindis: omega (normalė)\n",
      "--------------------------\n",
      "   0.373523    0.698804    0.610044\n",
      "\n",
      "\n",
      "Atspindis: Q = I - 2*omega*omega^T\n",
      "----------------------------------\n",
      "   0.720961   -0.522039   -0.455731\n",
      "  -0.522039   0.0233464   -0.852602\n",
      "  -0.455731   -0.852602    0.255692\n",
      "\n",
      "\n",
      "Atspindis: Q*z (pakeistas vektorius)\n",
      "------------------------------------\n",
      "   -1.52753 1.73472e-17 -2.77556e-17\n",
      "\n",
      "\n",
      "QR: tarpinė A (->R) po žingsnio\n",
      "-------------------------------\n",
      "    3.87298     1.29099      1.0328     2.32379\n",
      "1.11022e-16    -1.52753    -1.09109    -1.30931\n",
      "2.22045e-16           0    -1.17189   -0.464068\n",
      "-3.33067e-16 -2.77556e-17     1.83563    -1.29242\n",
      "\n",
      "\n",
      "QR: sukaupta Q po žingsnio\n",
      "--------------------------\n",
      "   0.258199   -0.436436   -0.783157   -0.359893\n",
      "   0.258199    0.872872   -0.249445   -0.330463\n",
      "   0.516398   -0.218218    0.568533   -0.602066\n",
      "   0.774597 1.38778e-16  -0.0348217    0.631496\n",
      "\n",
      "\n",
      "Atspindis: pradinė z\n",
      "--------------------\n",
      "   -1.17189     1.83563\n",
      "\n",
      "\n",
      "Atspindis: z' (tikslo vektorius)\n",
      "--------------------------------\n",
      "   -2.17781           0\n",
      "\n",
      "\n",
      "Atspindis: omega (normalė)\n",
      "--------------------------\n",
      "    0.48057    0.876956\n",
      "\n",
      "\n",
      "Atspindis: Q = I - 2*omega*omega^T\n",
      "----------------------------------\n",
      "   0.538104   -0.842878\n",
      "  -0.842878   -0.538104\n",
      "\n",
      "\n",
      "Atspindis: Q*z (pakeistas vektorius)\n",
      "------------------------------------\n",
      "   -2.17781           0\n",
      "\n",
      "\n",
      "QR: tarpinė A (->R) po žingsnio\n",
      "-------------------------------\n",
      "    3.87298     1.29099      1.0328     2.32379\n",
      "1.11022e-16    -1.52753    -1.09109    -1.30931\n",
      "2.22045e-16           0    -2.17781    0.839638\n",
      "-3.33067e-16 -2.77556e-17           0     1.08661\n",
      "\n",
      "\n",
      "QR: sukaupta Q po žingsnio\n",
      "--------------------------\n",
      "   0.258199   -0.436436   -0.118074    0.853766\n",
      "   0.258199    0.872872    0.144313    0.388075\n",
      "   0.516398   -0.218218    0.813399    -0.15523\n",
      "   0.774597 1.38778e-16   -0.551012    -0.31046\n",
      "\n",
      "\n",
      "QR: galutinė Q\n",
      "--------------\n",
      "   0.258199   -0.436436   -0.118074    0.853766\n",
      "   0.258199    0.872872    0.144313    0.388075\n",
      "   0.516398   -0.218218    0.813399    -0.15523\n",
      "   0.774597 1.38778e-16   -0.551012    -0.31046\n",
      "\n",
      "\n",
      "QR: galutinė R (viršutinė trikampė)\n",
      "-----------------------------------\n",
      "    3.87298     1.29099      1.0328     2.32379\n",
      "1.11022e-16    -1.52753    -1.09109    -1.30931\n",
      "2.22045e-16           0    -2.17781    0.839638\n",
      "-3.33067e-16 -2.77556e-17           0     1.08661\n",
      "\n",
      "\n",
      "QR: y = Q^T b\n",
      "-------------\n",
      "    10.5862    -2.83683     3.22736    -1.86276\n",
      "\n",
      "\n",
      "Atgalinė eiga (QR): R\n",
      "---------------------\n",
      "    3.87298     1.29099      1.0328     2.32379\n",
      "1.11022e-16    -1.52753    -1.09109    -1.30931\n",
      "2.22045e-16           0    -2.17781    0.839638\n",
      "-3.33067e-16 -2.77556e-17           0     1.08661\n",
      "\n",
      "\n",
      "Atgalinė eiga (QR): y = Q^T b\n",
      "-----------------------------\n",
      "    10.5862    -2.83683     3.22736    -1.86276\n",
      "\n",
      "  x[3] = -1.86276/1.08661 = -1.71428571429\n",
      "  x[2] = 4.66674/-2.17781 = -2.14285714286\n",
      "  x[1] = -7.41941/-1.52753 = 4.85714285714\n",
      "  x[0] = 10.5124/3.87298 = 2.71428571429\n",
      "\n",
      "QR: sprendinys x\n",
      "----------------\n",
      "    2.71429     4.85714    -2.14286    -1.71429\n",
      "\n",
      "\n",
      "QR: A*x\n",
      "-------\n",
      "          2 4.44089e-16           9           7\n",
      "\n",
      "\n",
      "QR: liekana r = b - A*x\n",
      "-----------------------\n",
      "8.88178e-16 -4.44089e-16           0 8.88178e-16\n",
      "\n",
      "QR: ||x||2 = 6.20401450017,  ||r||2 = 1.33226762955e-15\n",
      "\n",
      "\n",
      "Ortogonalumo patikra: Q\n",
      "-----------------------\n",
      "   0.258199   -0.436436   -0.118074    0.853766\n",
      "   0.258199    0.872872    0.144313    0.388075\n",
      "   0.516398   -0.218218    0.813399    -0.15523\n",
      "   0.774597 1.38778e-16   -0.551012    -0.31046\n",
      "\n",
      "\n",
      "Ortogonalumo patikra: Q^T Q\n",
      "---------------------------\n",
      "          1 1.21375e-16 5.55112e-17 -5.55112e-17\n",
      "1.21375e-16           1 -4.87127e-17 -1.19413e-16\n",
      "5.55112e-17 -4.87127e-17           1 2.77556e-17\n",
      "-5.55112e-17 -1.19413e-16 2.77556e-17           1\n",
      "\n",
      "\n",
      "Ortogonalumo patikra: Q^T Q - I\n",
      "-------------------------------\n",
      "          0 1.21375e-16 5.55112e-17 -5.55112e-17\n",
      "1.21375e-16 2.22045e-16 -4.87127e-17 -1.19413e-16\n",
      "5.55112e-17 -4.87127e-17           0 2.77556e-17\n",
      "-5.55112e-17 -1.19413e-16 2.77556e-17 6.66134e-16\n",
      "\n",
      "Ortogonalumo patikra: max|Q^TQ - I| = 6.661e-16 → TAIP (tol=1e-10)\n"
     ]
    }
   ],
   "source": [
    "from typing import List, Tuple, Optional\n",
    "import math\n",
    "\n",
    "# -----------------------------\n",
    "# Bendros pagalbinės\n",
    "# -----------------------------\n",
    "def print_matrix(M: List[List[float]], title: str = \"\", fmt: str = \"{:11.6g}\"):\n",
    "    if title:\n",
    "        print(f\"\\n{title}\\n\" + \"-\" * len(title))\n",
    "    for row in M:\n",
    "        print(\" \".join(fmt.format(v) for v in row))\n",
    "    print()\n",
    "\n",
    "def print_vector(v: List[float], title: str = \"\", fmt: str = \"{:11.6g}\"):\n",
    "    if title:\n",
    "        print(f\"\\n{title}\\n\" + \"-\" * len(title))\n",
    "    print(\" \".join(fmt.format(x) for x in v))\n",
    "    print()\n",
    "\n",
    "def deep_copy_matrix(A: List[List[float]]) -> List[List[float]]:\n",
    "    return [row[:] for row in A]\n",
    "\n",
    "def eye(n: int) -> List[List[float]]:\n",
    "    return [[1.0 if i==j else 0.0 for j in range(n)] for i in range(n)]\n",
    "\n",
    "def matmul(A: List[List[float]], B: List[List[float]]) -> List[List[float]]:\n",
    "    n, m, p = len(A), len(A[0]), len(B[0])\n",
    "    out = [[0.0]*p for _ in range(n)]\n",
    "    for i in range(n):\n",
    "        for k in range(m):\n",
    "            aik = A[i][k]\n",
    "            if aik == 0.0: continue\n",
    "            for j in range(p):\n",
    "                out[i][j] += aik * B[k][j]\n",
    "    return out\n",
    "\n",
    "def matvec(A: List[List[float]], x: List[float]) -> List[float]:\n",
    "    return [sum(A[i][j]*x[j] for j in range(len(x))) for i in range(len(A))]\n",
    "\n",
    "def vec_sub(a: List[float], b: List[float]) -> List[float]:\n",
    "    return [a[i]-b[i] for i in range(len(a))]\n",
    "\n",
    "def vec_add(a: List[float], b: List[float]) -> List[float]:\n",
    "    return [a[i]+b[i] for i in range(len(a))]\n",
    "\n",
    "def norm2_vec(v: List[float]) -> float:\n",
    "    return math.sqrt(sum(x*x for x in v))\n",
    "\n",
    "def transpose(A: List[List[float]]) -> List[List[float]]:\n",
    "    return [list(row) for row in zip(*A)]\n",
    "\n",
    "def copy_col_block(A: List[List[float]], r0: int, c0: int) -> List[List[float]]:\n",
    "    \"\"\"Return submatrix A[r0:, c0:] (deep copy).\"\"\"\n",
    "    return [row[c0:] for row in A[r0:]]\n",
    "\n",
    "def set_block(A: List[List[float]], r0: int, c0: int, B: List[List[float]]):\n",
    "    \"\"\"Set A[r0:, c0:] = B (in place).\"\"\"\n",
    "    for i in range(len(B)):\n",
    "        for j in range(len(B[0])):\n",
    "            A[r0+i][c0+j] = B[i][j]\n",
    "\n",
    "def augment(A: List[List[float]], b: List[float]) -> List[List[float]]:\n",
    "    return [row + [b[i]] for i, row in enumerate(A)]\n",
    "\n",
    "def check_solution(A: List[List[float]], x: Optional[List[float]], b: List[float], tag: str):\n",
    "    if x is None:\n",
    "        print(f\"[{tag}] sprendinio nėra ką tikrinti.\")\n",
    "        return\n",
    "    Ax = matvec(A, x)\n",
    "    r  = vec_sub(b, Ax)\n",
    "    print_vector(Ax, f\"{tag}: A*x\")\n",
    "    print_vector(r,  f\"{tag}: liekana r = b - A*x\")\n",
    "    print(f\"{tag}: ||x||2 = {norm2_vec(x):.12g},  ||r||2 = {norm2_vec(r):.12g}\\n\")\n",
    "\n",
    "# -----------------------------\n",
    "# 1) ATSPINDŽIO (HOUSEHOLDER) VEIKSMAS VEKTORIUI\n",
    "# -----------------------------\n",
    "def householder_for_vector(z: List[float], verbose: bool=True) -> Tuple[List[List[float]], List[float]]:\n",
    "    \"\"\"\n",
    "    Pagal skaidres: Q = I - 2 ω ω^T, ω = (z - zp)/||z - zp||,\n",
    "    kur zp = [sign(z0)*||z||, 0, ..., 0]^T.\n",
    "    Gražina (Q, z_reflected=Q z).\n",
    "    \"\"\"\n",
    "    n = len(z)\n",
    "    if verbose:\n",
    "        print_vector(z, \"Atspindis: pradinė z\")\n",
    "\n",
    "    nz = norm2_vec(z)\n",
    "    if nz < 1e-15:\n",
    "        if verbose:\n",
    "            print(\"Atspindis: z ≈ 0 → Q = I (žingsnis praleidžiamas).\")\n",
    "        return (eye(n), z[:])\n",
    "\n",
    "    zp = [0.0]*n\n",
    "    zp[0] = (1.0 if z[0] >= 0 else -1.0)*nz\n",
    "    omega = [z[i]-zp[i] for i in range(n)]\n",
    "    nom = norm2_vec(omega)\n",
    "    if nom < 1e-15:\n",
    "        if verbose:\n",
    "            print(\"Atspindis: z jau sutampa su zp → Q = I.\")\n",
    "        return (eye(n), z[:])\n",
    "\n",
    "    omega = [w/nom for w in omega]\n",
    "\n",
    "    # Q = I - 2 ω ω^T\n",
    "    Q = eye(n)\n",
    "    for i in range(n):\n",
    "        for j in range(n):\n",
    "            Q[i][j] -= 2.0*omega[i]*omega[j]\n",
    "\n",
    "    z_ref = matvec(Q, z)\n",
    "\n",
    "    if verbose:\n",
    "        print_vector(zp,    \"Atspindis: z' (tikslo vektorius)\")\n",
    "        print_vector(omega, \"Atspindis: omega (normalė)\")\n",
    "        print_matrix(Q,     \"Atspindis: Q = I - 2*omega*omega^T\")\n",
    "        print_vector(z_ref, \"Atspindis: Q*z (pakeistas vektorius)\")\n",
    "    return Q, z_ref\n",
    "\n",
    "# -----------------------------\n",
    "# 2) ATSPINDŽIO ALGORITMAS spręsti Ax=b (trianguliacija + back-sub)\n",
    "# -----------------------------\n",
    "def solve_by_reflection(A_in: List[List[float]], b_in: List[float], verbose: bool=True) -> Optional[List[float]]:\n",
    "    A = deep_copy_matrix(A_in)\n",
    "    b = b_in[:]\n",
    "    n = len(A)\n",
    "\n",
    "    if verbose:\n",
    "        print_matrix(augment(A,b), \"Atspindžio metodas: pradinė [A|b]\")\n",
    "\n",
    "    # Tiesioginis etapas (stulpeliais, subblokais i:n, i:n)\n",
    "    for i in range(n-1):\n",
    "        # darbo stulpelis z = A[i:n, i]\n",
    "        z = [A[r][i] for r in range(i, n)]\n",
    "        # sudarom Q_i mažinantį subbloką\n",
    "        Qi, _ = householder_for_vector(z, verbose=verbose)\n",
    "        # pritaikome [Qi 0; 0 I] kairėje A ir b\n",
    "        sub = copy_col_block(A, i, i)               # A[i:, i:]\n",
    "        sub2 = matmul(Qi, sub)                      # Qi * sub\n",
    "        set_block(A, i, i, sub2)\n",
    "\n",
    "        # ir b segmentui\n",
    "        bi = b[i:]\n",
    "        bi2 = matvec(Qi, bi)\n",
    "        for r in range(i, n):\n",
    "            b[r] = bi2[r-i]\n",
    "\n",
    "        if verbose:\n",
    "            print_matrix(augment(A,b), f\"Po atspindžio žingsnio i={i} (A|b)\")\n",
    "\n",
    "    # Atgalinė eiga (gali būti singuliarus atvejis)\n",
    "    x = [0.0]*n\n",
    "    for i in range(n-1, -1, -1):\n",
    "        # jei įstrižainė ~0, sprendinys neapibrėžtas/nesuderinamas — pranešam\n",
    "        if abs(A[i][i]) < 1e-15:\n",
    "            print(f\"Atspindžio metodas: A[{i},{i}]≈0 → sistema gali būti singuliari. Šį kintamąjį paliekame 0.\")\n",
    "            # dvasingiau būtų laisvieji kintamieji — čia pateikiam bazinį sprendinį\n",
    "            continue\n",
    "        s = sum(A[i][j]*x[j] for j in range(i+1, n))\n",
    "        x[i] = (b[i] - s)/A[i][i]\n",
    "        if verbose:\n",
    "            print(f\"  BackSub: x[{i}] = (b[{i}] - suma)/A[{i},{i}] = {(b[i]-s):.6g}/{A[i][i]:.6g} = {x[i]:.12g}\")\n",
    "\n",
    "    print_vector(x, \"Atspindžio metodas: sprendinys x\")\n",
    "    check_solution(A_in, x, b_in, \"Atspindžio metodas\")\n",
    "    return x\n",
    "\n",
    "# -----------------------------\n",
    "# 3) PATIKRINIMAI: ortogonalumas ir simetrija\n",
    "# -----------------------------\n",
    "def is_orthogonal(Q: List[List[float]], tol: float=1e-10, verbose: bool=True) -> bool:\n",
    "    QTQ = matmul(transpose(Q), Q)\n",
    "    n = len(Q)\n",
    "    I = eye(n)\n",
    "    diff = [[QTQ[i][j]-I[i][j] for j in range(n)] for i in range(n)]\n",
    "    if verbose:\n",
    "        print_matrix(Q,   \"Ortogonalumo patikra: Q\")\n",
    "        print_matrix(QTQ, \"Ortogonalumo patikra: Q^T Q\")\n",
    "        print_matrix(diff,\"Ortogonalumo patikra: Q^T Q - I\")\n",
    "    max_abs = max(abs(diff[i][j]) for i in range(n) for j in range(n))\n",
    "    ok = max_abs <= tol\n",
    "    print(f\"Ortogonalumo patikra: max|Q^TQ - I| = {max_abs:.3e} → {'TAIP' if ok else 'NE'} (tol={tol})\")\n",
    "    return ok\n",
    "\n",
    "def is_symmetric(A: List[List[float]], tol: float=1e-10, verbose: bool=True) -> bool:\n",
    "    AT = transpose(A)\n",
    "    n, m = len(A), len(A[0])\n",
    "    diff = [[A[i][j]-AT[i][j] for j in range(m)] for i in range(n)]\n",
    "    if verbose:\n",
    "        print_matrix(A,  \"Simetrijos patikra: A\")\n",
    "        print_matrix(AT, \"Simetrijos patikra: A^T\")\n",
    "        print_matrix(diff,\"Simetrijos patikra: A - A^T\")\n",
    "    max_abs = max(abs(diff[i][j]) for i in range(n) for j in range(m))\n",
    "    ok = max_abs <= tol\n",
    "    print(f\"Simetrijos patikra: max|A - A^T| = {max_abs:.3e} → {'TAIP' if ok else 'NE'} (tol={tol})\")\n",
    "    return ok\n",
    "\n",
    "# -----------------------------\n",
    "# 4) QR SKAIDA per atspindžius (Householder), + sprendimas\n",
    "# -----------------------------\n",
    "def qr_decomposition(A_in: List[List[float]], verbose: bool=True) -> Tuple[List[List[float]], List[List[float]]]:\n",
    "    \"\"\"\n",
    "    Atitinka skaidrių konstrukciją: A -> R, akumuliuojant Q (Q[:, i:] = Q[:, i:] @ Qi).\n",
    "    \"\"\"\n",
    "    A = deep_copy_matrix(A_in)\n",
    "    n = len(A)\n",
    "    Q = eye(n)\n",
    "\n",
    "    if verbose:\n",
    "        print_matrix(A, \"QR skaida: pradinė A\")\n",
    "\n",
    "    for i in range(n-1):\n",
    "        # subvektorius z = A[i:, i]\n",
    "        z = [A[r][i] for r in range(i, n)]\n",
    "        Qi_small, _ = householder_for_vector(z, verbose=verbose)\n",
    "\n",
    "        # pritaikom A[i:, i:] = Qi_small @ A[i:, i:]\n",
    "        sub = copy_col_block(A, i, i)\n",
    "        sub2 = matmul(Qi_small, sub)\n",
    "        set_block(A, i, i, sub2)\n",
    "\n",
    "        # Q[:, i:] = Q[:, i:] @ Qi_small\n",
    "        # sudarome blokinę matricą \\tilde{Qi}\n",
    "        Qi_full = eye(n)\n",
    "        for r in range(n-i):\n",
    "            for c in range(n-i):\n",
    "                Qi_full[i+r][i+c] = Qi_small[r][c]\n",
    "        Q = matmul(Q, Qi_full)\n",
    "\n",
    "        if verbose:\n",
    "            print_matrix(A, \"QR: tarpinė A (->R) po žingsnio\")\n",
    "            print_matrix(Q, \"QR: sukaupta Q po žingsnio\")\n",
    "\n",
    "    R = A\n",
    "    if verbose:\n",
    "        print_matrix(Q, \"QR: galutinė Q\")\n",
    "        print_matrix(R, \"QR: galutinė R (viršutinė trikampė)\")\n",
    "\n",
    "    return Q, R\n",
    "\n",
    "def back_substitution(R: List[List[float]], y: List[float], verbose: bool=True) -> List[float]:\n",
    "    n = len(R)\n",
    "    x = [0.0]*n\n",
    "    if verbose:\n",
    "        print_matrix(R, \"Atgalinė eiga (QR): R\")\n",
    "        print_vector(y, \"Atgalinė eiga (QR): y = Q^T b\")\n",
    "    for i in range(n-1, -1, -1):\n",
    "        if abs(R[i][i]) < 1e-15:\n",
    "            print(f\"QR: R[{i},{i}]≈0 → singuliarus/įsilaidės atvejis (laisvas kintamasis=0).\")\n",
    "            continue\n",
    "        s = sum(R[i][j]*x[j] for j in range(i+1, n))\n",
    "        x[i] = (y[i] - s)/R[i][i]\n",
    "        if verbose:\n",
    "            print(f\"  x[{i}] = {(y[i]-s):.6g}/{R[i][i]:.6g} = {x[i]:.12g}\")\n",
    "    return x\n",
    "\n",
    "def qr_solve(A_in: List[List[float]], b: List[float], verbose: bool=True) -> Optional[List[float]]:\n",
    "    Q, R = qr_decomposition(A_in, verbose=verbose)\n",
    "    # y = Q^T b\n",
    "    QT = transpose(Q)\n",
    "    y = matvec(QT, b)\n",
    "    print_vector(y, \"QR: y = Q^T b\")\n",
    "    x = back_substitution(R, y, verbose=verbose)\n",
    "    print_vector(x, \"QR: sprendinys x\")\n",
    "    check_solution(A_in, x, b, \"QR\")\n",
    "    # patikrinimai\n",
    "    is_orthogonal(Q, verbose=verbose)\n",
    "    return x\n",
    "\n",
    "# ============================================================\n",
    "# MAIN – užkomentuoti paleidimai\n",
    "# ============================================================\n",
    "def main():\n",
    "    # Pavyzdiniai duomenys\n",
    "    A = [\n",
    "        [1.0,  1.0,  1.0,  2.0],\n",
    "        [1.0, -1.0, -1.0,  0.0],\n",
    "        [2.0,  1.0, -1.0,  2.0],\n",
    "        [3.0,  1.0,  2.0,  1.0],\n",
    "    ]\n",
    "    b = [2.0, 0.0, 9.0, 7.0]\n",
    "\n",
    "    # --- 1) Vieno vektoriaus atspindys (demo) ---\n",
    "    # z = [row[0] for row in A]                  # imame 1-ą stulpelį\n",
    "    # Qz, z_ref = householder_for_vector(z, verbose=True)\n",
    "\n",
    "    # --- 2) Atspindžio algoritmas (sprendimas Ax=b) ---\n",
    "    # x_reflect = solve_by_reflection(A, b, verbose=True)\n",
    "\n",
    "    # --- 3) Patikros: ortogonalioji ir simetrinė matrica ---\n",
    "    # Q_demo, R_demo = qr_decomposition(A, verbose=True)\n",
    "    # is_orthogonal(Q_demo, verbose=True)\n",
    "    # is_symmetric(A, verbose=True)\n",
    "\n",
    "    # --- 4) QR skaida + sprendimas ---\n",
    "    x_qr = qr_solve(A, b, verbose=True)\n",
    "\n",
    "    pass\n",
    "\n",
    "main()"
   ]
  },
  {
   "cell_type": "code",
   "execution_count": null,
   "id": "a69d281e-b893-4d76-a484-f54f7df65ceb",
   "metadata": {},
   "outputs": [],
   "source": []
  }
 ],
 "metadata": {
  "kernelspec": {
   "display_name": "Python 3 (ipykernel)",
   "language": "python",
   "name": "python3"
  },
  "language_info": {
   "codemirror_mode": {
    "name": "ipython",
    "version": 3
   },
   "file_extension": ".py",
   "mimetype": "text/x-python",
   "name": "python",
   "nbconvert_exporter": "python",
   "pygments_lexer": "ipython3",
   "version": "3.12.9"
  }
 },
 "nbformat": 4,
 "nbformat_minor": 5
}
